A=[2 1;1 2]
B=[1 0;-1 1]
B*A